1.234098040866795612e-04 1.503439192977572367e-03 6.737946999085467001e-03 1.110899653824230608e-02 6.737946999085467001e-03 1.503439192977572367e-03 1.234098040866795612e-04
1.503439192977572367e-03 1.831563888873417867e-02 8.208499862389879997e-02 1.353352832366127023e-01 8.208499862389879997e-02 1.831563888873417867e-02 1.503439192977572367e-03
6.737946999085467001e-03 8.208499862389879997e-02 3.678794411714423340e-01 6.065306597126334243e-01 3.678794411714423340e-01 8.208499862389879997e-02 6.737946999085467001e-03
1.110899653824230608e-02 1.353352832366127023e-01 6.065306597126334243e-01 1.000000000000000000e+00 6.065306597126334243e-01 1.353352832366127023e-01 1.110899653824230608e-02
6.737946999085467001e-03 8.208499862389879997e-02 3.678794411714423340e-01 6.065306597126334243e-01 3.678794411714423340e-01 8.208499862389879997e-02 6.737946999085467001e-03
1.503439192977572367e-03 1.831563888873417867e-02 8.208499862389879997e-02 1.353352832366127023e-01 8.208499862389879997e-02 1.831563888873417867e-02 1.503439192977572367e-03
1.234098040866795612e-04 1.503439192977572367e-03 6.737946999085467001e-03 1.110899653824230608e-02 6.737946999085467001e-03 1.503439192977572367e-03 1.234098040866795612e-04
